0                 00000000000000000000000
-496                 11111111111111000010000
-308                 11111111111111011001100
2871                 00000000000101100110111
10049                 00000000010011101000001
19203                 00000000100101100000011
27115                 00000000110100111101011
31874                 00000000111110010000010
33516                 00000001000001011101100
31874                 00000000111110010000010
27115                 00000000110100111101011
19699                 00000000100110011110011
10357                 00000000010100001110101
0                 00000000000000000000000
-10357                 11111111101011110001011
-19699                 11111111011001100001101
-27115                 11111111001011000010101
-31874                 11111111000001101111110
-33516                 11111110111110100010100
-31874                 11111111000001101111110
-27115                 11111111001011000010101
-19699                 11111111011001100001101
-10357                 11111111101011110001011
0                 00000000000000000000000
10357                 00000000010100001110101
19699                 00000000100110011110011
27115                 00000000110100111101011
31874                 00000000111110010000010
33516                 00000001000001011101100
31874                 00000000111110010000010
27115                 00000000110100111101011
19699                 00000000100110011110011
10357                 00000000010100001110101
0                 00000000000000000000000
-10357                 11111111101011110001011
-19699                 11111111011001100001101
-27115                 11111111001011000010101
-31874                 11111111000001101111110
-33516                 11111110111110100010100
-31874                 11111111000001101111110
-27115                 11111111001011000010101
-19699                 11111111011001100001101
-10357                 11111111101011110001011
0                 00000000000000000000000
10357                 00000000010100001110101
19699                 00000000100110011110011
27115                 00000000110100111101011
31874                 00000000111110010000010
33516                 00000001000001011101100
31874                 00000000111110010000010
27115                 00000000110100111101011
19699                 00000000100110011110011
10357                 00000000010100001110101
0                 00000000000000000000000
-10357                 11111111101011110001011
-19699                 11111111011001100001101
-27115                 11111111001011000010101
-31874                 11111111000001101111110
-33516                 11111110111110100010100
-31874                 11111111000001101111110
-27115                 11111111001011000010101
-19699                 11111111011001100001101
-10357                 11111111101011110001011
0                 00000000000000000000000
10357                 00000000010100001110101
19699                 00000000100110011110011
27115                 00000000110100111101011
31874                 00000000111110010000010
33516                 00000001000001011101100
31874                 00000000111110010000010
27115                 00000000110100111101011
19699                 00000000100110011110011
10357                 00000000010100001110101
0                 00000000000000000000000
-10357                 11111111101011110001011
-19699                 11111111011001100001101
-27115                 11111111001011000010101
-31874                 11111111000001101111110
-33516                 11111110111110100010100
-31874                 11111111000001101111110
-27115                 11111111001011000010101
-19699                 11111111011001100001101
-10357                 11111111101011110001011
0                 00000000000000000000000
10357                 00000000010100001110101
19699                 00000000100110011110011
27115                 00000000110100111101011
31874                 00000000111110010000010
33516                 00000001000001011101100
31874                 00000000111110010000010
27115                 00000000110100111101011
19699                 00000000100110011110011
10357                 00000000010100001110101
0                 00000000000000000000000
-10357                 11111111101011110001011
-19699                 11111111011001100001101
-27115                 11111111001011000010101
-31874                 11111111000001101111110
-33516                 11111110111110100010100
-31874                 11111111000001101111110
-27115                 11111111001011000010101
-19699                 11111111011001100001101
-10357                 11111111101011110001011
0                 00000000000000000000000
10357                 00000000010100001110101
19699                 00000000100110011110011
27115                 00000000110100111101011
31874                 00000000111110010000010
33516                 00000001000001011101100
31874                 00000000111110010000010
27115                 00000000110100111101011
19699                 00000000100110011110011
10357                 00000000010100001110101
0                 00000000000000000000000
-10357                 11111111101011110001011
-19699                 11111111011001100001101
-27115                 11111111001011000010101
-31874                 11111111000001101111110
-33516                 11111110111110100010100
-31874                 11111111000001101111110
-27115                 11111111001011000010101
-19699                 11111111011001100001101
-10357                 11111111101011110001011
0                 00000000000000000000000
10357                 00000000010100001110101
19699                 00000000100110011110011
27115                 00000000110100111101011
31874                 00000000111110010000010
33516                 00000001000001011101100
31874                 00000000111110010000010
27115                 00000000110100111101011
19699                 00000000100110011110011
10357                 00000000010100001110101
0                 00000000000000000000000
-10357                 11111111101011110001011
-19699                 11111111011001100001101
-27115                 11111111001011000010101
-31874                 11111111000001101111110
-33516                 11111110111110100010100
-31874                 11111111000001101111110
-27115                 11111111001011000010101
-19699                 11111111011001100001101
-10357                 11111111101011110001011
0                 00000000000000000000000
10357                 00000000010100001110101
19699                 00000000100110011110011
27115                 00000000110100111101011
31874                 00000000111110010000010
33516                 00000001000001011101100
31874                 00000000111110010000010
27115                 00000000110100111101011
19699                 00000000100110011110011
10357                 00000000010100001110101
0                 00000000000000000000000
-10357                 11111111101011110001011
-19699                 11111111011001100001101
-27115                 11111111001011000010101
-31874                 11111111000001101111110
-33516                 11111110111110100010100
-31874                 11111111000001101111110
-27115                 11111111001011000010101
-19699                 11111111011001100001101
-10357                 11111111101011110001011
0                 00000000000000000000000
10357                 00000000010100001110101
19699                 00000000100110011110011
27115                 00000000110100111101011
31874                 00000000111110010000010
33516                 00000001000001011101100
31874                 00000000111110010000010
27115                 00000000110100111101011
19699                 00000000100110011110011
10357                 00000000010100001110101
0                 00000000000000000000000
-10357                 11111111101011110001011
-19699                 11111111011001100001101
-27115                 11111111001011000010101
-31874                 11111111000001101111110
-33516                 11111110111110100010100
-31874                 11111111000001101111110
-27115                 11111111001011000010101
-19699                 11111111011001100001101
-10357                 11111111101011110001011
0                 00000000000000000000000
10357                 00000000010100001110101
19699                 00000000100110011110011
27115                 00000000110100111101011
31874                 00000000111110010000010
33516                 00000001000001011101100
31874                 00000000111110010000010
27115                 00000000110100111101011
19699                 00000000100110011110011
10357                 00000000010100001110101
0                 00000000000000000000000
-10357                 11111111101011110001011
-19699                 11111111011001100001101
-27115                 11111111001011000010101
-31874                 11111111000001101111110
