0
5062
9630
13254
15582
16384
15582
13254
9630
5062
0
-5062
-9630
-13254
-15582
-16384
-15582
-13254
-9630
-5062
0
5062
9630
13254
15582
16384
15582
13254
9630
5062
0
-5062
-9630
-13254
-15582
-16384
-15582
-13254
-9630
-5062
0
5062
9630
13254
15582
16384
15582
13254
9630
5062
0
-5062
-9630
-13254
-15582
-16384
-15582
-13254
-9630
-5062
0
5062
9630
13254
15582
16384
15582
13254
9630
5062
0
-5062
-9630
-13254
-15582
-16384
-15582
-13254
-9630
-5062
0
5062
9630
13254
15582
16384
15582
13254
9630
5062
0
-5062
-9630
-13254
-15582
-16384
-15582
-13254
-9630
-5062
0
5062
9630
13254
15582
16384
15582
13254
9630
5062
0
-5062
-9630
-13254
-15582
-16384
-15582
-13254
-9630
-5062
0
5062
9630
13254
15582
16384
15582
13254
9630
5062
0
-5062
-9630
-13254
-15582
-16384
-15582
-13254
-9630
-5062
0
5062
9630
13254
15582
16384
15582
13254
9630
5062
0
-5062
-9630
-13254
-15582
-16384
-15582
-13254
-9630
-5062
0
5062
9630
13254
15582
16384
15582
13254
9630
5062
0
-5062
-9630
-13254
-15582
-16384
-15582
-13254
-9630
-5062
0
5062
9630
13254
15582
16384
15582
13254
9630
5062
0
-5062
-9630
-13254
-15582
-16384
-15582
-13254
-9630
-5062
