0                 00000000000000000000000
-1886                 11111111111100010100010
5466                 00000000001010101011010
4303                 00000000001000011001111
3845                 00000000000111100000101
734                 00000000000001011011110
-2624                 11111111111010111000000
1617                 00000000000011001010001
-3                 11111111111111111111101
-1623                 11111111111100110101001
2619                 00000000000101000111011
-2624                 11111111111010111000000
1617                 00000000000011001010001
-3                 11111111111111111111101
-1623                 11111111111100110101001
2619                 00000000000101000111011
-2624                 11111111111010111000000
1617                 00000000000011001010001
-3                 11111111111111111111101
-1623                 11111111111100110101001
2619                 00000000000101000111011
-2624                 11111111111010111000000
1617                 00000000000011001010001
-3                 11111111111111111111101
-1623                 11111111111100110101001
2619                 00000000000101000111011
-2624                 11111111111010111000000
1617                 00000000000011001010001
-3                 11111111111111111111101
-1623                 11111111111100110101001
2619                 00000000000101000111011
-2624                 11111111111010111000000
1617                 00000000000011001010001
-3                 11111111111111111111101
-1623                 11111111111100110101001
2619                 00000000000101000111011
-2624                 11111111111010111000000
1617                 00000000000011001010001
-3                 11111111111111111111101
-1623                 11111111111100110101001
2619                 00000000000101000111011
-2624                 11111111111010111000000
1617                 00000000000011001010001
-3                 11111111111111111111101
-1623                 11111111111100110101001
2619                 00000000000101000111011
-2624                 11111111111010111000000
1617                 00000000000011001010001
-3                 11111111111111111111101
-1623                 11111111111100110101001
2619                 00000000000101000111011
-2624                 11111111111010111000000
1617                 00000000000011001010001
-3                 11111111111111111111101
-1623                 11111111111100110101001
2619                 00000000000101000111011
-2624                 11111111111010111000000
1617                 00000000000011001010001
-3                 11111111111111111111101
-1623                 11111111111100110101001
2619                 00000000000101000111011
-2624                 11111111111010111000000
1617                 00000000000011001010001
-3                 11111111111111111111101
-1623                 11111111111100110101001
2619                 00000000000101000111011
-2624                 11111111111010111000000
1617                 00000000000011001010001
-3                 11111111111111111111101
-1623                 11111111111100110101001
2619                 00000000000101000111011
-2624                 11111111111010111000000
1617                 00000000000011001010001
-3                 11111111111111111111101
-1623                 11111111111100110101001
2619                 00000000000101000111011
-2624                 11111111111010111000000
1617                 00000000000011001010001
-3                 11111111111111111111101
-1623                 11111111111100110101001
2619                 00000000000101000111011
-2624                 11111111111010111000000
1617                 00000000000011001010001
-3                 11111111111111111111101
-1623                 11111111111100110101001
2619                 00000000000101000111011
-2624                 11111111111010111000000
1617                 00000000000011001010001
-3                 11111111111111111111101
-1623                 11111111111100110101001
2619                 00000000000101000111011
-2624                 11111111111010111000000
1617                 00000000000011001010001
-3                 11111111111111111111101
-1623                 11111111111100110101001
2619                 00000000000101000111011
-2624                 11111111111010111000000
1617                 00000000000011001010001
-3                 11111111111111111111101
-1623                 11111111111100110101001
2619                 00000000000101000111011
-2624                 11111111111010111000000
1617                 00000000000011001010001
-3                 11111111111111111111101
-1623                 11111111111100110101001
2619                 00000000000101000111011
-2624                 11111111111010111000000
1617                 00000000000011001010001
-3                 11111111111111111111101
-1623                 11111111111100110101001
2619                 00000000000101000111011
-2624                 11111111111010111000000
1617                 00000000000011001010001
-3                 11111111111111111111101
-1623                 11111111111100110101001
2619                 00000000000101000111011
-2624                 11111111111010111000000
1617                 00000000000011001010001
-3                 11111111111111111111101
-1623                 11111111111100110101001
2619                 00000000000101000111011
-2624                 11111111111010111000000
1617                 00000000000011001010001
-3                 11111111111111111111101
-1623                 11111111111100110101001
2619                 00000000000101000111011
-2624                 11111111111010111000000
1617                 00000000000011001010001
-3                 11111111111111111111101
-1623                 11111111111100110101001
2619                 00000000000101000111011
-2624                 11111111111010111000000
1617                 00000000000011001010001
-3                 11111111111111111111101
-1623                 11111111111100110101001
2619                 00000000000101000111011
-2624                 11111111111010111000000
1617                 00000000000011001010001
-3                 11111111111111111111101
-1623                 11111111111100110101001
2619                 00000000000101000111011
-2624                 11111111111010111000000
1617                 00000000000011001010001
-3                 11111111111111111111101
-1623                 11111111111100110101001
2619                 00000000000101000111011
-2624                 11111111111010111000000
1617                 00000000000011001010001
-3                 11111111111111111111101
-1623                 11111111111100110101001
2619                 00000000000101000111011
-2624                 11111111111010111000000
1617                 00000000000011001010001
-3                 11111111111111111111101
-1623                 11111111111100110101001
2619                 00000000000101000111011
-2624                 11111111111010111000000
1617                 00000000000011001010001
-3                 11111111111111111111101
-1623                 11111111111100110101001
2619                 00000000000101000111011
-2624                 11111111111010111000000
1617                 00000000000011001010001
-3                 11111111111111111111101
-1623                 11111111111100110101001
2619                 00000000000101000111011
-2624                 11111111111010111000000
1617                 00000000000011001010001
-3                 11111111111111111111101
-1623                 11111111111100110101001
2619                 00000000000101000111011
-2624                 11111111111010111000000
1617                 00000000000011001010001
-3                 11111111111111111111101
-1623                 11111111111100110101001
2619                 00000000000101000111011
-2624                 11111111111010111000000
1617                 00000000000011001010001
-3                 11111111111111111111101
-1623                 11111111111100110101001
2619                 00000000000101000111011
-2624                 11111111111010111000000
1617                 00000000000011001010001
-3                 11111111111111111111101
-1623                 11111111111100110101001
2619                 00000000000101000111011
-2624                 11111111111010111000000
1617                 00000000000011001010001
-3                 11111111111111111111101
-1623                 11111111111100110101001
2619                 00000000000101000111011
-2624                 11111111111010111000000
1617                 00000000000011001010001
-3                 11111111111111111111101
-1623                 11111111111100110101001
2619                 00000000000101000111011
-2624                 11111111111010111000000
1617                 00000000000011001010001
