0
9630
-15582
15582
-9630
0
9630
-15582
15582
-9630
0
9630
-15582
15582
-9630
0
9630
-15582
15582
-9630
0
9630
-15582
15582
-9630
0
9630
-15582
15582
-9630
0
9630
-15582
15582
-9630
0
9630
-15582
15582
-9630
0
9630
-15582
15582
-9630
0
9630
-15582
15582
-9630
0
9630
-15582
15582
-9630
0
9630
-15582
15582
-9630
0
9630
-15582
15582
-9630
0
9630
-15582
15582
-9630
0
9630
-15582
15582
-9630
0
9630
-15582
15582
-9630
0
9630
-15582
15582
-9630
0
9630
-15582
15582
-9630
0
9630
-15582
15582
-9630
0
9630
-15582
15582
-9630
0
9630
-15582
15582
-9630
0
9630
-15582
15582
-9630
0
9630
-15582
15582
-9630
0
9630
-15582
15582
-9630
0
9630
-15582
15582
-9630
0
9630
-15582
15582
-9630
0
9630
-15582
15582
-9630
0
9630
-15582
15582
-9630
0
9630
-15582
15582
-9630
0
9630
-15582
15582
-9630
0
9630
-15582
15582
-9630
0
9630
-15582
15582
-9630
0
9630
-15582
15582
-9630
0
9630
-15582
15582
-9630
0
9630
-15582
15582
-9630
0
9630
-15582
15582
-9630
0
9630
-15582
15582
-9630
0
9630
-15582
15582
-9630
0
9630
-15582
15582
-9630
0
9630
-15582
15582
-9630
