0                        0000000000000000
32                        0000000000100000
-16                        1111111111110000
0                        0000000000000000
60                        0000000000111100
30                        0000000000011110
-34                        1111111111011110
-10                        1111111111110110
50                        0000000000110010
22                        0000000000010110
-41                        1111111111010111
-15                        1111111111110001
46                        0000000000101110
19                        0000000000010011
-43                        1111111111010101
-17                        1111111111101111
44                        0000000000101100
17                        0000000000010001
-45                        1111111111010011
-19                        1111111111101101
