0                 00000000000000000000000
-1886                 11111111111100010100010
5466                 00000000001010101011010
4303                 00000000001000011001111
3845                 00000000000111100000101
734                 00000000000001011011110
-2623                 11111111111010111000001
1619                 00000000000011001010011
0                 00000000000000000000000
-1623                 11111111111100110101001
2619                 00000000000101000111011
-2623                 11111111111010111000001
1619                 00000000000011001010011
0                 00000000000000000000000
-1623                 11111111111100110101001
2619                 00000000000101000111011
-2623                 11111111111010111000001
1619                 00000000000011001010011
0                 00000000000000000000000
-1623                 11111111111100110101001
2619                 00000000000101000111011
-2623                 11111111111010111000001
1619                 00000000000011001010011
0                 00000000000000000000000
-1623                 11111111111100110101001
2619                 00000000000101000111011
-2623                 11111111111010111000001
1619                 00000000000011001010011
0                 00000000000000000000000
-1623                 11111111111100110101001
2619                 00000000000101000111011
-2623                 11111111111010111000001
1619                 00000000000011001010011
0                 00000000000000000000000
-1623                 11111111111100110101001
2619                 00000000000101000111011
-2623                 11111111111010111000001
1619                 00000000000011001010011
0                 00000000000000000000000
-1623                 11111111111100110101001
2619                 00000000000101000111011
-2623                 11111111111010111000001
1619                 00000000000011001010011
0                 00000000000000000000000
-1623                 11111111111100110101001
2619                 00000000000101000111011
-2623                 11111111111010111000001
1619                 00000000000011001010011
0                 00000000000000000000000
-1623                 11111111111100110101001
2619                 00000000000101000111011
-2623                 11111111111010111000001
1619                 00000000000011001010011
0                 00000000000000000000000
-1623                 11111111111100110101001
2619                 00000000000101000111011
-2623                 11111111111010111000001
1619                 00000000000011001010011
0                 00000000000000000000000
-1623                 11111111111100110101001
2619                 00000000000101000111011
-2623                 11111111111010111000001
1619                 00000000000011001010011
0                 00000000000000000000000
-1623                 11111111111100110101001
2619                 00000000000101000111011
-2623                 11111111111010111000001
1619                 00000000000011001010011
0                 00000000000000000000000
-1623                 11111111111100110101001
2619                 00000000000101000111011
-2623                 11111111111010111000001
1619                 00000000000011001010011
0                 00000000000000000000000
-1623                 11111111111100110101001
2619                 00000000000101000111011
-2623                 11111111111010111000001
1619                 00000000000011001010011
0                 00000000000000000000000
-1623                 11111111111100110101001
2619                 00000000000101000111011
-2623                 11111111111010111000001
1619                 00000000000011001010011
0                 00000000000000000000000
-1623                 11111111111100110101001
2619                 00000000000101000111011
-2623                 11111111111010111000001
1619                 00000000000011001010011
0                 00000000000000000000000
-1623                 11111111111100110101001
2619                 00000000000101000111011
-2623                 11111111111010111000001
1619                 00000000000011001010011
0                 00000000000000000000000
-1623                 11111111111100110101001
2619                 00000000000101000111011
-2623                 11111111111010111000001
1619                 00000000000011001010011
0                 00000000000000000000000
-1623                 11111111111100110101001
2619                 00000000000101000111011
-2623                 11111111111010111000001
1619                 00000000000011001010011
0                 00000000000000000000000
-1623                 11111111111100110101001
2619                 00000000000101000111011
-2623                 11111111111010111000001
1619                 00000000000011001010011
0                 00000000000000000000000
-1623                 11111111111100110101001
2619                 00000000000101000111011
-2623                 11111111111010111000001
1619                 00000000000011001010011
0                 00000000000000000000000
-1623                 11111111111100110101001
2619                 00000000000101000111011
-2623                 11111111111010111000001
1619                 00000000000011001010011
0                 00000000000000000000000
-1623                 11111111111100110101001
2619                 00000000000101000111011
-2623                 11111111111010111000001
1619                 00000000000011001010011
0                 00000000000000000000000
-1623                 11111111111100110101001
2619                 00000000000101000111011
-2623                 11111111111010111000001
1619                 00000000000011001010011
0                 00000000000000000000000
-1623                 11111111111100110101001
2619                 00000000000101000111011
-2623                 11111111111010111000001
1619                 00000000000011001010011
0                 00000000000000000000000
-1623                 11111111111100110101001
2619                 00000000000101000111011
-2623                 11111111111010111000001
1619                 00000000000011001010011
0                 00000000000000000000000
-1623                 11111111111100110101001
2619                 00000000000101000111011
-2623                 11111111111010111000001
1619                 00000000000011001010011
0                 00000000000000000000000
-1623                 11111111111100110101001
2619                 00000000000101000111011
-2623                 11111111111010111000001
1619                 00000000000011001010011
0                 00000000000000000000000
-1623                 11111111111100110101001
2619                 00000000000101000111011
-2623                 11111111111010111000001
1619                 00000000000011001010011
0                 00000000000000000000000
-1623                 11111111111100110101001
2619                 00000000000101000111011
-2623                 11111111111010111000001
1619                 00000000000011001010011
0                 00000000000000000000000
-1623                 11111111111100110101001
2619                 00000000000101000111011
-2623                 11111111111010111000001
1619                 00000000000011001010011
0                 00000000000000000000000
-1623                 11111111111100110101001
2619                 00000000000101000111011
-2623                 11111111111010111000001
1619                 00000000000011001010011
0                 00000000000000000000000
-1623                 11111111111100110101001
2619                 00000000000101000111011
-2623                 11111111111010111000001
1619                 00000000000011001010011
0                 00000000000000000000000
-1623                 11111111111100110101001
2619                 00000000000101000111011
-2623                 11111111111010111000001
1619                 00000000000011001010011
0                 00000000000000000000000
-1623                 11111111111100110101001
2619                 00000000000101000111011
-2623                 11111111111010111000001
1619                 00000000000011001010011
0                 00000000000000000000000
-1623                 11111111111100110101001
2619                 00000000000101000111011
-2623                 11111111111010111000001
1619                 00000000000011001010011
0                 00000000000000000000000
-1623                 11111111111100110101001
2619                 00000000000101000111011
-2623                 11111111111010111000001
1619                 00000000000011001010011
0                 00000000000000000000000
-1623                 11111111111100110101001
2619                 00000000000101000111011
-2623                 11111111111010111000001
1619                 00000000000011001010011
